0.86,0.00104758110810179,0.00337724882587893,0.00171021723084436,0.00119202733238372,0.00657111605657087,0.0146423707451469,0.014365323353741,0.0118876071124924,0.00807420192206406,0.00679302041490223,0.00314531816593785,0.00343751336089427,0.00880993199491307,0.00384885883004517,0.0112885754159544,0.00822041116040797,0.00145503771414636,0.00224319331243581,0.00217283603229225,0.0147637313151932,0.000388887872213178,0.0090429541059833,0.00152203661745682
0.0036119543471233,0.91,0.00132886400191358,0.00359632948859891,0.00273099029494774,0.00417378372630519,0.00652830451559604,0.00413757098208101,0.00576367818070858,0.00544200039681077,0.00430777661160678,0.00378464946868477,0.00202411645696527,0.000880527175606492,0.00343142577796733,0.00260465111682262,0.00502004448629374,0.00674685807079146,0.00217755003015526,0.00581914511226563,0.00606369496361801,0.000325726886705249,0.0061244040227578,0.00337595388567446
0.00134439654858045,0.00724524222510611,0.87,0.00251368752515856,0.00508341111969617,0.00978963156536472,0.00876337648032885,0.00050570713688338,0.000748848834263415,0.00731986699177113,0.00252821286927213,0.00654288593964354,0.00364718661335716,0.0110386340100939,0.0078295503501576,3.50145395318401e-05,0.00850273768514559,0.00221182017058269,0.00761643839305701,0.00828313103402776,0.00263264072534115,0.01052678838821,0.00645971080117258,0.00883108005325437
0.00668967076581771,0.00054823460037328,0.00474990855665851,0.92,0.00706783130724882,0.00180612800864877,0.00028227542981404,0.00705485644430172,0.000950915345769978,0.00126113292847655,0.00345573473530751,0.00455295113305082,0.00706457024690907,0.000712446503487282,0.00496522262811711,9.36739051381074e-06,0.00549305917044916,0.00229034033884581,0.0068572366376809,0.00139861114297427,0.00599559181607439,0.00348917183341003,0.000789766983673645,0.00251497605239677
0.00774068925588695,0.00396323868489567,0.00464315421049444,0.00109178673421774,0.87,0.00979126172870503,0.010049825549751,0.00410731568526884,0.00882366564377639,0.000644500916495755,0.00695749883592664,0.00700349033348168,0.00319343567734815,0.00649430994519472,0.0065219443956524,0.00501392858235151,0.00870628694086697,0.00147842479529484,0.00428521356909872,0.00204189377836976,0.0099560204191162,0.00503421683706661,0.00380866720341249,0.00864923027732753
0.00637914436566289,0.00328656091537001,0.00343213435955727,0.00176156018608904,0.00718839142500108,0.89,3.14493722341495e-05,0.00855287398785779,0.00633352640642463,0.00232191905909727,0.00611304145003115,0.0043802299169958,0.00831166523363996,0.00280657814635755,0.00853222580474622,0.00239840153583436,0.00407076867120388,0.0065008105453503,0.00829494037012253,0.00471382826375968,0.00459808625255513,0.000457413736488514,0.00229103376209703,0.00724341623352378
0.00144474887696722,0.00642375168793013,0.0026561185264162,0.00196811452069537,0.00430130593875521,0.00120624457760746,0.92,0.00356564337325399,0.00702370629752842,0.00422569012350345,0.00576544163116092,0.00422017305879526,0.0039506258237082,0.00555965377194531,0.00103713594033648,0.00286054111483502,0.00585956678855633,0.00691892664585646,0.000280341957310862,0.0048788823465283,0.00118898524839049,0.000848121410477766,0.00096545209404762,0.0028508282453935
0.00217935549705578,0.00704114629695934,0.00158723444833028,0.00343976030376875,0.00336509918526173,0.00641402812734751,0.00409830691574982,0.91,0.00674787159375213,0.0100518811018224,0.00912977760032142,0.00343757830606268,0.0025991313910892,0.00325462332058727,0.00498277996367032,0.000191160106302421,0.00288019080999282,0.00665401780279281,0.0013116251880522,0.00117027148067067,0.000325585541616025,0.00291531435133879,0.00583378797233103,0.000389472695124605
0.00539047979146068,0.00665302168662147,0.00548230508212991,0.00300764116575365,0.000610588056280801,0.00314526134338981,0.000959729993180987,0.000226885262832636,0.92,0.000941893650296602,0.00265155437109887,0.00182225196853482,0.00383254559579024,0.00421261625825423,0.00331452271728901,0.00537294404062167,0.00249546473280581,0.00154029742317613,0.0073583819599223,1.55074617603694e-05,0.0069360567600062,0.00615975185790278,0.00244605962033389,0.0054242392005571
0.00166680877324791,0.00290110169216937,0.00853410368544989,0.00169831496574736,0.00987208007481548,0.00458636709887199,0.00523604478802574,0.00651832931204371,0.00121079814161043,0.87,0.00918519197104127,0.00433248021155296,0.0110160357325853,0.00866436689623677,0.00237633193985926,0.00217606397975007,0.00737445249464663,0.00240216935310358,0.0109101295456158,0.00376675670841833,0.00220504616062214,0.0110588975320122,0.00494368019262848,0.0073644487499453
0.000504171620173128,0.0112669417473761,0.00808312368197361,0.00602481611085823,0.00343703122908562,0.00334182727042716,0.00234013196052608,0.00852748671390548,0.00287016313441677,0.000331998752108078,0.9,0.00885510944182431,0.00104657108122627,0.000201595427272435,0.00293316350097337,0.00441966825535077,0.000164135800965374,0.00204823475872646,0.00169125493424762,0.0022148286811799,0.0121324276843023,0.00899770171760147,0.00016302659494319,0.00840458990053624
0.0100543143395826,0.00554778532635553,0.00577646709742725,0.00854564818924533,0.00565723880785311,0.00331800117680896,0.000100993953368072,0.000261037889908519,0.00282947585468072,0.0106232965124135,0.0112788942659989,0.86,0.0049581820938758,0.00183839095158612,0.00433650503446636,0.00454356830450578,0.00682373190818646,0.0037391394452597,0.00943832800136993,0.0111481226494685,0.00806572684960628,0.00370243339223608,0.00998370997036866,0.00742900798542792
0.00629013905775178,0.00723808864275857,0.00372544173841499,0.00782137534603132,0.00463410327065493,0.00719522169623878,0.00964299173147813,0.00364355380603578,0.00240086305373304,0.0061631202590095,0.00206444952988634,0.00330636302434428,0.86,0.00755985525607009,0.00413616751281226,0.00885630430855276,0.00274868477815593,0.000551000889823755,0.0117746399883626,0.00950906793398958,0.0104173174594533,0.00612461975034314,0.00900235414939951,0.00519427681669973
0.00189649062530693,0.00964120129137468,0.00248288182611406,0.0103609639204852,0.00929784304727551,0.00139865370447407,0.00861676133314542,0.00939962825236555,0.00179755440560749,0.00293598611929548,0.0108031838735548,0.00615379001307991,0.00563830201127901,0.86,0.0076243364522267,0.00634032873800463,0.00615738441427772,0.00298945564844103,0.000798964238896491,0.0106183962881689,0.00341052247479708,0.00215370093338855,0.0104466611754805,0.00903700921296024
0.00563444407460019,0.00869954588511031,0.00199801193135171,0.00517577253089045,0.00253617438320351,0.00118021274532578,0.00847132233432198,0.000508973464680155,0.00629606652682635,0.00613920042709929,0.00183136194180318,0.000565181338913367,0.00497949174173334,0.00331379267642499,0.89,0.00718074522248109,0.00756223827459434,0.00948844637876078,0.00243396407034878,0.00187245092527405,0.00812388180084004,0.00348805376546291,0.00419275168092864,0.00832791587902477
0.00396968106229492,0.00267431546920689,0.00747768218532726,0.00768083166893151,0.00375888339280736,0.00704916977332518,0.0072601777237169,0.000401914820626194,0.00396463992328053,0.00549807982578079,0.0052379375255357,0.000645048088945744,0.00478393202402338,0.000591877492866508,0.00514709141256141,0.89,0.00437122470067988,0.00515443798047084,0.00432599941782939,0.00550581430111327,0.00403086901631611,0.00609811751904714,0.00742458612018899,0.00694768855512409
0.00658888041677307,0.00141465281740709,0.00267883630893025,4.62474013256873e-05,0.00585722320952372,0.00067331495893286,0.00324618066180303,0.0028921896848898,0.00505771031185324,0.000927989782581325,0.0013421864602026,0.00231654937532668,0.0048574469562013,0.00948818478360912,0.00578660552408302,0.00990898348824728,0.9,0.00258228694473872,0.00748032018236866,0.00552401991918346,0.00694407302510289,0.0027622459714758,0.00884514168347718,0.00277873013196321
0.00125069020807519,0.00450538970738556,0.00970010610700153,0.00740025667136204,0.0026018994337671,0.00450161694607304,0.00653227272599885,0.00618936256642552,0.00579060537959685,0.00896747016649703,0.00399778891147307,0.00416901413455705,0.00701189978619765,0.00493259473112665,0.00905004994661479,0.00747749317502531,0.00288627651753272,0.87,0.00112005911370957,0.00820219963134401,0.00759905973426611,0.00796213490319089,0.00318639416015858,0.00496536534262091
0.00160853052554385,9.32842734263893e-05,0.000485900370625876,0.005018131410404,0.00299271265951326,0.00782290222628743,0.0015254139821831,0.00397305268932375,0.0015045959092887,0.00488635505921906,0.011957197394202,0.00805636651307405,0.00142160506792837,0.00456377535354172,0.0106025210851705,0.00983717673186653,0.00891853788615607,0.009446169045363,0.88,0.00237255726138296,0.0105779211000385,0.00341154860668809,0.00462556840571746,0.00429817644305536
0.00285859141575342,0.0060442739631526,0.00929347544078751,0.00382080461096874,0.00730562142568521,0.00835832459951831,0.00734998383529676,0.00404222608864961,0.00649243969373398,0.000159434785829955,0.00458126489779266,0.00484875263313218,0.00714067224741756,0.000336249540173396,0.00121784381526405,0.00867330641112046,0.00162463843454907,0.00238748664100567,0.00186953151390668,0.89,0.0013902581079857,0.00718754803592074,0.00291015537658452,0.0101071164857712
0.00610415399602918,0.00758727741482569,0.000233055278962022,0.00841742390636054,0.00508265986382769,0.00490130623775035,0.00140124799060047,0.00518350191103647,0.00420550737949129,0.00723718040385843,0.00636363552281346,0.00776462562029149,0.00605954542832797,0.000341173743305226,0.00790602063195409,0.00146524625650757,0.00466917090542586,0.00411850171285852,0.00204595172936652,0.0056896419140235,0.89,0.00833616221627708,0.0016617572449906,0.00322525269111597
0.00265031655679902,0.00533454506702222,0.000761304865609277,0.00556226277961694,0.0051833719379294,0.00455884114993715,0.00400482595564235,0.00622988724989805,0.00541162109855203,0.00281617643866202,0.00552335083891866,0.000736302727503221,0.0026754267166683,0.00242449152423197,0.000239638494695032,0.00197170692570419,0.00182623550102908,0.00424249780079809,0.00463332880174407,0.00118344890775744,0.00672879688044423,0.92,0.00507583211904856,0.000225789661788643
0.00158199319473189,0.0032327876923933,0.012429743885546,0.00967880666303807,0.0119898586377873,0.00859919095687669,0.00422935894463421,0.00917978181969542,0.00719190256015667,0.00522072994251079,0.00458581711831713,0.00714078495519549,0.00147313990303823,0.010446812607684,5.03636585986797e-05,0.00227405601742485,0.00634151614810121,0.00256792510197977,0.00629362959762724,0.0124816607783946,0.0122916956177264,0.000420823531440708,0.86,0.000297620667101436
0.00412084135584961,0.00313630422557964,0.0116009376435194,0.0100114935188206,0.00367777842373827,0.00783017686854817,0.00424042312707618,0.00677395144069743,0.00326058137653177,0.00330239494134045,0.0085267694340475,0.00715901022103765,0.00820349842030689,0.00502381306283711,0.00558507075821461,0.00673435111695772,0.0014142693567088,0.00347873697107762,0.00316832481326597,0.0109021732181983,0.0103707337510671,0.0105652211701498,0.0109131447844295,0.85
