0.72,0.00209516221620358,0.00675449765175785,0.00342043446168872,0.00238405466476744,0.0131422321131417,0.0292847414902939,0.0287306467074821,0.0237752142249848,0.0161484038441281,0.0135860408298045,0.00629063633187569,0.00687502672178854,0.0176198639898261,0.00769771766009033,0.0225771508319088,0.0164408223208159,0.00291007542829271,0.00448638662487163,0.00434567206458451,0.0295274626303865,0.000777775744426357,0.0180859082119666,0.00304407323491364
0.0120398478237443,0.7,0.00442954667304525,0.0119877649619964,0.00910330098315914,0.0139126124210173,0.0217610150519868,0.0137919032736034,0.019212260602362,0.0181400013227026,0.0143592553720226,0.0126154982289493,0.0067470548565509,0.00293509058535498,0.0114380859265578,0.00868217038940875,0.0167334816209791,0.0224895269026382,0.00725850010051752,0.0193971503742188,0.0202123165453934,0.0010857562890175,0.0204146800758593,0.0112531796189149
0.00124098142945888,0.00668791590009794,0.88,0.00232032694630021,0.00469237949510415,0.00903658298341358,0.00808927059722663,0.000466806587892351,0.000691245077781614,0.00675680030009643,0.0023337349562512,0.00603958702120942,0.00336663379694507,0.0101895083170097,0.00722727724629933,3.23211134140063e-05,0.00784868094013439,0.00204168015746094,0.00703055851666801,0.00764596710833331,0.00243012990031491,0.00971703543527074,0.00596280997031315,0.00815176620300403
0.0125431326859082,0.0010279398756999,0.00890607854373471,0.85,0.0132521837010915,0.00338649001621645,0.000529266430901326,0.0132278558330657,0.00178296627331871,0.00236462424089353,0.00647950262870158,0.0085367833744703,0.0132460692129545,0.00133583719403865,0.00930979242771958,1.75638572133951e-05,0.0102994859445922,0.0042943881353359,0.0128573186956517,0.00262239589307676,0.0112417346551395,0.00654219718764382,0.00148081309438809,0.00471558009824395
0.0107178774312281,0.00548756125600939,0.0064289827529923,0.00151170470891688,0.82,0.0135571316243608,0.013915143068886,0.00568705248729531,0.012217383199075,0.000892385884378738,0.00963345992666766,0.00969714046174387,0.00442168016863589,0.0089921214625773,0.0090303845478264,0.00694236265248671,0.0120548588412004,0.00204704971656209,0.00593337263413669,0.0028272375392812,0.0137852590418532,0.00697045408209223,0.00527353920472498,0.0119758573070689
0.0127582887313258,0.00657312183074002,0.00686426871911454,0.00352312037217808,0.0143767828500022,0.78,6.28987444682989e-05,0.0171057479757156,0.0126670528128493,0.00464383811819455,0.0122260829000623,0.00876045983399161,0.0166233304672799,0.0056131562927151,0.0170644516094924,0.00479680307166872,0.00814153734240776,0.0130016210907006,0.0165898807402451,0.00942765652751937,0.00919617250511026,0.000914827472977027,0.00458206752419405,0.0144868324670476
0.00415365302128076,0.0184682861027991,0.00763634076344657,0.0056583292469992,0.0123662545739212,0.00346795316062146,0.77,0.0102512246981052,0.0201931556053942,0.0121488591050724,0.0165756446895876,0.0121329975440364,0.0113580492431611,0.0159840045943428,0.00298176582846739,0.00822405570515068,0.0168462545170994,0.0198919141068373,0.000805983127268729,0.0140267867462689,0.00341833258912265,0.00243834905512358,0.00277567477038691,0.00819613120550632
0.00556946404803144,0.0179940405366739,0.00405626581239961,0.00879049855407569,0.00859969791789109,0.0163914052143325,0.0104734510069162,0.77,0.0172445607395888,0.025688140593546,0.0233316538674881,0.00878492233771575,0.00664222466611684,0.00831737070816747,0.0127337710182686,0.000488520271661742,0.00736048762553722,0.0170047121626927,0.00335193103613341,0.00299069378393616,0.000832051939685398,0.00745024778675468,0.0149085692626238,0.000995319109762879
0.011454769556854,0.0141376710840706,0.0116498982995261,0.0063912374772265,0.0012974996195967,0.00668368035470336,0.0020394262355096,0.000482131183519352,0.83,0.00200152400688028,0.00563455303858511,0.00387228543313649,0.00814415939105426,0.00895180954879024,0.00704336077423914,0.0114175060863211,0.00530286255721236,0.00327313202424928,0.0156365616648349,3.2953356240785e-05,0.0147391206150132,0.0130894726980434,0.00519787669320952,0.0115265083011839
0.00217967301117034,0.00379374836668303,0.0111599817425114,0.00222087341674655,0.0129096431747587,0.00599755697544799,0.00684713549203366,0.00852396910036486,0.00158335141595211,0.83,0.0120114048852078,0.00566555104587695,0.0144055851887653,0.0113303259412327,0.00310751099827749,0.00284562212736547,0.00964351480069175,0.00314129838482775,0.0142670924827284,0.00492575877254704,0.00288352190235204,0.0144616352341699,0.00646481255959109,0.00963043298069771
0.000504171620173128,0.0112669417473761,0.00808312368197361,0.00602481611085823,0.00343703122908562,0.00334182727042716,0.00234013196052608,0.00852748671390548,0.00287016313441677,0.000331998752108078,0.9,0.00885510944182431,0.00104657108122627,0.000201595427272435,0.00293316350097337,0.00441966825535077,0.000164135800965374,0.00204823475872646,0.00169125493424762,0.0022148286811799,0.0121324276843023,0.00899770171760147,0.00016302659494319,0.00840458990053624
0.00933614902961237,0.00515151494590157,0.00536386230475387,0.00793524474715638,0.00525315032157789,0.00308100109275118,9.37800995560665e-05,0.000242392326343625,0.00262737043648924,0.00986448961866965,0.0104732589612847,0.87,0.00460402623002753,0.00170707731218711,0.00402675467486162,0.00421902771132679,0.00633632248617314,0.00347205805631258,0.00876416171555779,0.0103518281745065,0.00748960350320584,0.00343797386421922,0.00927058782962804,0.00689836455789736
0.00763802599869859,0.00878910763763541,0.00452375068236106,0.00949738434875232,0.00562712540008099,0.00873705491686138,0.0117093471025092,0.00442431533590059,0.00291533370810441,0.00748378888594011,0.00250683157200484,0.00401486938670377,0.83,0.00917982423951368,0.0050224891227006,0.0107540838032426,0.00333768865918935,0.000669072509071703,0.014297777128726,0.0115467253484159,0.0126495997721933,0.00743703826827382,0.0109314300385566,0.00630733613456396
0.00298019955405374,0.0151504591721602,0.00390167144103638,0.0162815147321911,0.0146108962171472,0.00219788439274497,0.0135406249520857,0.0147708443965744,0.00282472835166892,0.0046136924731786,0.0169764318013004,0.00967024144912557,0.00886018887486702,0.78,0.0119811001392134,0.00996337373115013,0.00967588979386498,0.00469771601897875,0.00125551523255163,0.0166860513099797,0.00535939246039542,0.00338438718103916,0.0164161818471836,0.0142010144775089
0.00614666626320021,0.00949041369284761,0.00217964937965641,0.00564629730642594,0.00276673569076747,0.00128750481308267,0.00924144254653307,0.000555243779651078,0.00686843621108329,0.00669730955683559,0.00199784939105801,0.000616561460632763,0.00543217280916364,0.00361504655609998,0.88,0.00783354024270664,0.00824971448137564,0.0103510324131936,0.00265523353128958,0.0020426737366626,0.00886241651000732,0.00380514956232318,0.00457391092464942,0.00908499914075429
0.00757848202801758,0.00510551135030405,0.0142755750810793,0.0146634059134147,0.00717605011354132,0.0134575059308935,0.0138603392907323,0.000767291930286369,0.00756885803535375,0.0104963342128542,0.00999969891238634,0.00123145544253278,0.00913296113677191,0.00112994794092697,0.00982626542398087,0.79,0.00834506533766159,0.00984029068998979,0.00825872616131066,0.0105111000293981,0.00769529539478529,0.0116418607181809,0.0141742098658153,0.0132637690597824
0.00790665650012769,0.00169758338088851,0.0032146035707163,5.54968815908248e-05,0.00702866785142846,0.000807977950719432,0.00389541679416363,0.00347062762186776,0.00606925237422389,0.00111358773909759,0.00161062375224313,0.00277985925039202,0.00582893634744156,0.011385821740331,0.00694392662889963,0.0118907801858967,0.88,0.00309874433368646,0.00897638421884239,0.00662882390302015,0.00833288763012346,0.00331469516577096,0.0106141700201726,0.00333447615835586
0.0027900012333985,0.0100504847318601,0.0216386982386957,0.0165082648822692,0.00580423719840352,0.0100420685720091,0.0145719930041513,0.0138070395712569,0.0129175043083314,0.0200043565252626,0.00891814449482454,0.00930010845401188,0.0156419302922871,0.0110034805540518,0.020188572957833,0.0166805616981334,0.00643861684680376,0.71,0.00249859340750597,0.0182972145622289,0.0169517486379782,0.017761685553272,0.00710811004958452,0.0110765842258467
0.00308301684062572,0.00017879485740058,0.000931309043699595,0.00961808520327433,0.00573603259740042,0.0149938959337176,0.0029237101325176,0.00761501765453719,0.00288380882613668,0.0093655138635032,0.0229179616722205,0.0154413691500586,0.00272474304686271,0.00874723609428829,0.0203214987465768,0.0188545887360775,0.0170938642817991,0.0181051573369458,0.77,0.00454740141765067,0.0202743487750738,0.00653880149615217,0.00886567277762513,0.00823817151585611
0.00649679867216687,0.0137369862798923,0.0211215350926989,0.00868364684311076,0.0166036850583755,0.0189961922716325,0.0167045087165836,0.00918687747420366,0.0147555447584863,0.00036235178597717,0.0104119656768015,0.0110198923480277,0.0162288005623126,0.000764203500394082,0.00276782685287285,0.0197120600252738,0.00369236007852061,0.00542610600228562,0.00424893525887883,0.75,0.00315967751814931,0.0163353364452744,0.00661398949223756,0.0229707192858437
0.0077689232676735,0.00965653489159633,0.000296615809588028,0.0107130849717316,0.00646883982668979,0.00623802612077318,0.00178340653349151,0.00659718425041005,0.00535246393753437,0.009210956877638,0.00809917248358077,0.0098822507894619,0.00771214872696287,0.000434221127843015,0.0100622080770325,0.00186485887191873,0.00594258115236018,0.00524172945272902,0.0026039385646483,0.0072413624360299,0.86,0.0106096610025345,0.00211496376635167,0.00410486706142033
0.00795094967039708,0.0160036352010667,0.00228391459682783,0.0166867883388508,0.0155501158137882,0.0136765234498115,0.0120144778669271,0.0186896617496942,0.0162348632956561,0.00844852931598608,0.016570052516756,0.00220890818250966,0.00802628015000491,0.00727347457269592,0.000718915484085096,0.00591512077711259,0.00547870650308726,0.0127274934023943,0.0138999864052322,0.00355034672327233,0.0201863906413327,0.76,0.0152274963571457,0.000677368985365929
0.00282498784773552,0.00577283516498804,0.0221959712241892,0.0172835833268537,0.0214104618531916,0.0153556981372798,0.00755242668684679,0.0163924675351704,0.0128426831431369,0.00932273204019783,0.00818895913985201,0.0127514017057062,0.00263060696971113,0.0186550225137214,8.99351046404994e-05,0.0040608143168301,0.0113241359787521,0.00458558053924959,0.0112386242814772,0.022288679961419,0.0219494564602257,0.000751470591858408,0.75,0.00053146547696685
0.00576917789818945,0.0043908259158115,0.0162413127009271,0.0140160909263489,0.00514888979323358,0.0109622476159674,0.00593659237790665,0.0094835320169764,0.00456481392714448,0.00462335291787663,0.0119374772076665,0.0100226143094527,0.0114848977884296,0.00703333828797196,0.00781909906150045,0.0094280915637408,0.00197997709939232,0.00487023175950866,0.00443565473857235,0.0152630425054776,0.0145190272514939,0.0147913096382097,0.0152784026982012,0.79
